
5.0000    49
5.0500    43
5.1000    46
5.1500    40
5.2000    41
5.2500    51
5.3000    50
5.3500    48
5.4000    39
5.4500    54
5.5000    39
5.5500    37
5.6000    33
5.6500    39
5.7000    39
5.7500    44
5.8000    29
5.8500    27
5.9000    25
5.9500    37
6.0000    40
6.0500    26
6.1000    45
6.1500    36
6.2000    30
6.2500    31
6.3000    35
6.3500    30
6.4000    32
6.4500    28
6.5000    25
6.5500    30
6.6000    33
6.6500    29
6.7000    31
6.7500    30
6.8000    22
6.8500    29
6.9000    35
6.9500    22
7.0000    28
7.0500    26
7.1000    26
7.1500    17
7.2000    29
7.2500    33
7.3000    26
7.3500    21
7.4000    30
7.4500    24
7.5000    18
7.5500    30
7.6000    29
7.6500    14
7.7000    19
7.7500    19
7.8000    19
7.8500    21
7.9000    25
7.9500    20
8.0000    22
8.0500    36
8.1000    15
8.1500    30
8.2000    16
8.2500    18
8.3000    25
8.3500    24
8.4000    22
8.4500    21
8.5000    27
8.5500    29
8.6000    20
8.6500    23
8.7000    23
8.7500    36
8.8000    22
8.8500    22
8.9000    19
8.9500    16
9.0000    28
9.0500    19
9.1000    19
9.1500    17
9.2000    10
9.2500    18
9.3000    18
9.3500    26
9.4000    18
9.4500    18
9.5000    22
9.5500    18
9.6000    14
9.6500    22
9.7000    23
9.7500    19
9.8000    24
9.8500    11
9.9000    13
9.9500    16
10.0000   18
10.0500   16
10.1000   20
10.1500   23
10.2000   13
10.2500   20
10.3000   21
10.3500   23
10.4000   15
10.4500   22
10.5000   22
10.5500   17
10.6000   25
10.6500   14
10.7000   12
10.7500   21
10.8000   16
10.8500   18
10.9000   10
10.9500   16
11.0000   23
11.0500   13
11.1000   13
11.1500   17
11.2000   15
11.2500   17
11.3000   17
11.3500   18
11.4000   19
11.4500   21
11.5000   32
11.5500   23
11.6000   33
11.6500   17
11.7000   9
11.7500   18
11.8000   18
11.8500   23
11.9000   29
11.9500   10
12.0000   15
12.0500   21
12.1000   25
12.1500   25
12.2000   23
12.2500   29
12.3000   34
12.3500   27
12.4000   49
12.4500   42
12.5000   50
12.5500   71
12.6000   94
12.6500   94
12.7000   104
12.7500   97
12.8000   58
12.8500   42
12.9000   44
12.9500   34
13.0000   30
13.0500   26
13.1000   29
13.1500   15
13.2000   19
13.2500   17
13.3000   15
13.3500   22
13.4000   16
13.4500   24
13.5000   19
13.5500   23
13.6000   25
13.6500   29
13.7000   26
13.7500   35
13.8000   43
13.8500   57
13.9000   63
13.9500   122
14.0000   187
14.0500   233
14.1000   162
14.1500   48
14.2000   31
14.2500   19
14.3000   21
14.3500   18
14.4000   22
14.4500   21
14.5000   25
14.5500   19
14.6000   18
14.6500   17
14.7000   14
14.7500   19
14.8000   15
14.8500   28
14.9000   17
14.9500   11
15.0000   17
15.0500   17
15.1000   18
15.1500   11
15.2000   17
15.2500   19
15.3000   11
15.3500   23
15.4000   16
15.4500   22
15.5000   15
15.5500   11
15.6000   19
15.6500   18
15.7000   15
15.7500   28
15.8000   13
15.8500   22
15.9000   12
15.9500   19
16.0000   14
16.0500   23
16.1000   18
16.1500   12
16.2000   20
16.2500   23
16.3000   22
16.3500   18
16.4000   18
16.4500   19
16.5000   15
16.5500   21
16.6000   14
16.6500   25
16.7000   15
16.7500   17
16.8000   13
16.8500   21
16.9000   23
16.9500   25
17.0000   21
17.0500   13
17.1000   10
17.1500   16
17.2000   18
17.2500   21
17.3000   19
17.3500   15
17.4000   16
17.4500   17
17.5000   17
17.5500   21
17.6000   20
17.6500   24
17.7000   19
17.7500   20
17.8000   20
17.8500   19
17.9000   20
17.9500   39
18.0000   22
18.0500   25
18.1000   16
18.1500   23
18.2000   17
18.2500   24
18.3000   20
18.3500   23
18.4000   27
18.4500   19
18.5000   23
18.5500   22
18.6000   20
18.6500   23
18.7000   21
18.7500   25
18.8000   23
18.8500   21
18.9000   33
18.9500   26
19.0000   27
19.0500   34
19.1000   22
19.1500   25
19.2000   16
19.2500   29
19.3000   26
19.3500   23
19.4000   25
19.4500   27
19.5000   29
19.5500   34
19.6000   30
19.6500   31
19.7000   39
19.7500   55
19.8000   71
19.8500   109
19.9000   155
19.9500   188
20.0000   106
20.0500   59
20.1000   34
20.1500   39
20.2000   36
20.2500   35
20.3000   38
20.3500   34
20.4000   25
20.4500   44
20.5000   21
20.5500   44
20.6000   31
20.6500   40
20.7000   34
20.7500   29
20.8000   31
20.8500   29
20.9000   33
20.9500   41
21.0000   42
21.0500   42
21.1000   24
21.1500   28
21.2000   56
21.2500   33
21.3000   46
21.3500   41
21.4000   47
21.4500   48
21.5000   45
21.5500   37
21.6000   37
21.6500   35
21.7000   42
21.7500   29
21.8000   39
21.8500   36
21.9000   41
21.9500   37
22.0000   53
22.0500   49
22.1000   32
22.1500   30
22.2000   44
22.2500   36
22.3000   47
22.3500   50
22.4000   37
22.4500   45
22.5000   29
22.5500   39
22.6000   50
22.6500   49
22.7000   44
22.7500   49
22.8000   50
22.8500   38
22.9000   47
22.9500   40
23.0000   32
23.0500   47
23.1000   47
23.1500   48
23.2000   39
23.2500   47
23.3000   47
23.3500   58
23.4000   49
23.4500   44
23.5000   50
23.5500   43
23.6000   57
23.6500   47
23.7000   48
23.7500   43
23.8000   46
23.8500   53
23.9000   46
23.9500   46
24.0000   47
24.0500   45
24.1000   50
24.1500   53
24.2000   48
24.2500   48
24.3000   54
24.3500   85
24.4000   123
24.4500   123
24.5000   121
24.5500   79
24.6000   61
24.6500   52
24.7000   53
24.7500   54
24.8000   51
24.8500   57
24.9000   54
24.9500   54
25.0000   53
25.0500   51
25.1000   51
25.1500   45
25.2000   41
25.2500   48
25.3000   55
25.3500   53
25.4000   52
25.4500   60
25.5000   47
25.5500   65
25.6000   41
25.6500   47
25.7000   57
25.7500   51
25.8000   60
25.8500   37
25.9000   53
25.9500   59
26.0000   51
26.0500   52
26.1000   48
26.1500   47
26.2000   48
26.2500   58
26.3000   49
26.3500   49
26.4000   44
26.4500   49
26.5000   60
26.5500   53
26.6000   55
26.6500   55
26.7000   51
26.7500   50
26.8000   45
26.8500   48
26.9000   35
26.9500   45
27.0000   50
27.0500   47
27.1000   56
27.1500   45
27.2000   51
27.2500   56
27.3000   54
27.3500   53
27.4000   54
27.4500   54
27.5000   45
27.5500   59
27.6000   44
27.6500   43
27.7000   44
27.7500   59
27.8000   51
27.8500   52
27.9000   40
27.9500   60
28.0000   63
28.0500   50
28.1000   70
28.1500   111
28.2000   168
28.2500   196
28.3000   209
28.3500   171
28.4000   97
28.4500   70
28.5000   73
28.5500   63
28.6000   60
28.6500   63
28.7000   46
28.7500   61
28.8000   42
28.8500   51
28.9000   42
28.9500   48
29.0000   49
29.0500   43
29.1000   47
29.1500   52
29.2000   47
29.2500   52
29.3000   37
29.3500   55
29.4000   42
29.4500   47
29.5000   47
29.5500   40
29.6000   43
29.6500   42
29.7000   53
29.7500   45
29.8000   40
29.8500   47
29.9000   47
29.9500   54
30.0000   60
30.0500   61
30.1000   62
30.1500   80
30.2000   89
30.2500   81
30.3000   84
30.3500   91
30.4000   73
30.4500   64
30.5000   64
30.5500   41
30.6000   47
30.6500   48
30.7000   46
30.7500   55
30.8000   40
30.8500   49
30.9000   52
30.9500   42
31.0000   33
31.0500   43
31.1000   37
31.1500   47
31.2000   41
31.2500   38
31.3000   52
31.3500   49
31.4000   56
31.4500   65
31.5000   61
31.5500   74
31.6000   131
31.6500   194
31.7000   312
31.7500   293
31.8000   248
31.8500   159
31.9000   104
31.9500   83
32.0000   50
32.0500   52
32.1000   38
32.1500   46
32.2000   45
32.2500   40
32.3000   33
32.3500   49
32.4000   48
32.4500   41
32.5000   39
32.5500   41
32.6000   35
32.6500   31
32.7000   38
32.7500   39
32.8000   40
32.8500   48
32.9000   38
32.9500   38
33.0000   37
33.0500   36
33.1000   44
33.1500   28
33.2000   39
33.2500   40
33.3000   45
33.3500   39
33.4000   33
33.4500   39
33.5000   23
33.5500   31
33.6000   36
33.6500   33
33.7000   32
33.7500   47
33.8000   42
33.8500   35
33.9000   29
33.9500   43
34.0000   38
34.0500   31
34.1000   37
34.1500   39
34.2000   42
34.2500   35
34.3000   28
34.3500   40
34.4000   27
34.4500   36
34.5000   43
34.5500   34
34.6000   44
34.6500   48
34.7000   63
34.7500   90
34.8000   133
34.8500   156
34.9000   125
34.9500   93
35.0000   77
35.0500   65
35.1000   75
35.1500   73
35.2000   80
35.2500   63
35.3000   52
35.3500   43
35.4000   41
35.4500   35
35.5000   30
35.5500   44
35.6000   38
35.6500   37
35.7000   23
35.7500   28
35.8000   29
35.8500   32
35.9000   41
35.9500   33
36.0000   42
36.0500   29
36.1000   28
36.1500   25
36.2000   43
36.2500   21
36.3000   32
36.3500   26
36.4000   28
36.4500   32
36.5000   26
36.5500   44
36.6000   23
36.6500   33
36.7000   48
36.7500   31
36.8000   29
36.8500   32
36.9000   20
36.9500   22
37.0000   29
37.0500   30
37.1000   24
37.1500   29
37.2000   27
37.2500   32
37.3000   29
37.3500   26
37.4000   28
37.4500   30
37.5000   29
37.5500   37
37.6000   29
37.6500   35
37.7000   24
37.7500   31
37.8000   29
37.8500   21
37.9000   32
37.9500   25
38.0000   23
38.0500   38
38.1000   26
38.1500   33
38.2000   30
38.2500   30
38.3000   38
38.3500   39
38.4000   26
38.4500   25
38.5000   31
38.5500   35
38.6000   34
38.6500   28
38.7000   37
38.7500   47
38.8000   26
38.8500   31
38.9000   28
38.9500   23
39.0000   30
39.0500   34
39.1000   26
39.1500   27
39.2000   24
39.2500   48
39.3000   30
39.3500   26
39.4000   37
39.4500   27
39.5000   35
39.5500   44
39.6000   38
39.6500   36
39.7000   39
39.7500   35
39.8000   21
39.8500   39
39.9000   29
39.9500   31
40.0000   38
40.0500   29
40.1000   34
40.1500   44
40.2000   36
40.2500   71
40.3000   75
40.3500   140
40.4000   223
40.4500   308
40.5000   248
40.5500   172
40.6000   113
40.6500   68
40.7000   32
40.7500   33
40.8000   36
40.8500   33
40.9000   34
40.9500   30
41.0000   29
41.0500   34
41.1000   28
41.1500   29
41.2000   43
41.2500   25
41.3000   33
41.3500   31
41.4000   34
41.4500   39
41.5000   32
41.5500   35
41.6000   34
41.6500   30
41.7000   31
41.7500   30
41.8000   28
41.8500   35
41.9000   24
41.9500   31
42.0000   29
42.0500   34
42.1000   29
42.1500   23
42.2000   25
42.2500   37
42.3000   37
42.3500   23
42.4000   27
42.4500   30
42.5000   28
42.5500   28
42.6000   32
42.6500   28
42.7000   32
42.7500   33
42.8000   52
42.8500   51
42.9000   68
42.9500   103
43.0000   128
43.0500   124
43.1000   103
43.1500   81
43.2000   47
43.2500   32
43.3000   38
43.3500   29
43.4000   35
43.4500   18
43.5000   33
43.5500   31
43.6000   32
43.6500   20
43.7000   27
43.7500   28
43.8000   29
43.8500   24
43.9000   30
43.9500   27
44.0000   36
44.0500   27
44.1000   31
44.1500   28
44.2000   30
44.2500   26
44.3000   26
44.3500   30
44.4000   34
44.4500   32
44.5000   21
44.5500   34
44.6000   28
44.6500   29
44.7000   32
44.7500   26
44.8000   34
44.8500   20
44.9000   22
44.9500   21
45.0000   24
45.0500   27
45.1000   25
45.1500   35
45.2000   29
45.2500   34
45.3000   38
45.3500   29
45.4000   29
45.4500   38
45.5000   37
45.5500   32
45.6000   34
45.6500   24
45.7000   27
45.7500   24
45.8000   30
45.8500   23
45.9000   30
45.9500   30
46.0000   17
46.0500   15
46.1000   28
46.1500   26
46.2000   33
46.2500   28
46.3000   21
46.3500   28
46.4000   33
46.4500   21
46.5000   29
46.5500   11
46.6000   22
46.6500   24
46.7000   26
46.7500   25
46.8000   23
46.8500   22
46.9000   42
46.9500   25
47.0000   18
47.0500   30
47.1000   32
47.1500   32
47.2000   26
47.2500   20
47.3000   20
47.3500   26
47.4000   30
47.4500   25
47.5000   14
47.5500   24
47.6000   20
47.6500   21
47.7000   23
47.7500   30
47.8000   29
47.8500   29
47.9000   37
47.9500   32
48.0000   31
48.0500   28
48.1000   28
48.1500   22
48.2000   24
48.2500   16
48.3000   25
48.3500   25
48.4000   25
48.4500   25
48.5000   24
48.5500   31
48.6000   29
48.6500   21
48.7000   24
48.7500   24
48.8000   24
48.8500   24
48.9000   26
48.9500   26
49.0000   17
49.0500   25
49.1000   19
49.1500   30
49.2000   25
49.2500   29
49.3000   25
49.3500   30
49.4000   23
49.4500   27
49.5000   27
49.5500   14
49.6000   24
49.6500   22
49.7000   30
49.7500   20
49.8000   28
49.8500   28
49.9000   26
49.9500   29
50.0000   33
