
5.0000    40
5.0500    34
5.1000    32
5.1500    38
5.2000    33
5.2500    33
5.3000    34
5.3500    47
5.4000    37
5.4500    24
5.5000    28
5.5500    31
5.6000    33
5.6500    30
5.7000    29
5.7500    31
5.8000    20
5.8500    38
5.9000    40
5.9500    24
6.0000    29
6.0500    37
6.1000    31
6.1500    28
6.2000    29
6.2500    17
6.3000    35
6.3500    25
6.4000    26
6.4500    30
6.5000    21
6.5500    32
6.6000    29
6.6500    34
6.7000    26
6.7500    31
6.8000    20
6.8500    27
6.9000    28
6.9500    30
7.0000    31
7.0500    20
7.1000    24
7.1500    16
7.2000    22
7.2500    28
7.3000    26
7.3500    20
7.4000    19
7.4500    24
7.5000    13
7.5500    26
7.6000    23
7.6500    20
7.7000    32
7.7500    20
7.8000    19
7.8500    32
7.9000    20
7.9500    21
8.0000    16
8.0500    16
8.1000    22
8.1500    25
8.2000    17
8.2500    10
8.3000    24
8.3500    20
8.4000    23
8.4500    19
8.5000    17
8.5500    25
8.6000    23
8.6500    17
8.7000    15
8.7500    13
8.8000    21
8.8500    22
8.9000    15
8.9500    15
9.0000    26
9.0500    14
9.1000    15
9.1500    15
9.2000    13
9.2500    22
9.3000    28
9.3500    21
9.4000    19
9.4500    23
9.5000    18
9.5500    18
9.6000    25
9.6500    16
9.7000    22
9.7500    15
9.8000    17
9.8500    11
9.9000    17
9.9500    18
10.0000   19
10.0500   15
10.1000   23
10.1500   10
10.2000   19
10.2500   16
10.3000   14
10.3500   18
10.4000   14
10.4500   13
10.5000   18
10.5500   10
10.6000   15
10.6500   11
10.7000   12
10.7500   19
10.8000   10
10.8500   14
10.9000   18
10.9500   12
11.0000   14
11.0500   17
11.1000   12
11.1500   17
11.2000   18
11.2500   21
11.3000   16
11.3500   15
11.4000   12
11.4500   18
11.5000   17
11.5500   24
11.6000   19
11.6500   11
11.7000   11
11.7500   17
11.8000   13
11.8500   22
11.9000   17
11.9500   13
12.0000   17
12.0500   20
12.1000   17
12.1500   14
12.2000   27
12.2500   17
12.3000   20
12.3500   12
12.4000   26
12.4500   17
12.5000   25
12.5500   27
12.6000   26
12.6500   22
12.7000   28
12.7500   33
12.8000   26
12.8500   25
12.9000   29
12.9500   16
13.0000   15
13.0500   24
13.1000   23
13.1500   15
13.2000   25
13.2500   22
13.3000   13
13.3500   23
13.4000   16
13.4500   22
13.5000   12
13.5500   17
13.6000   16
13.6500   21
13.7000   32
13.7500   39
13.8000   42
13.8500   66
13.9000   73
13.9500   83
14.0000   108
14.0500   112
14.1000   128
14.1500   131
14.2000   98
14.2500   74
14.3000   37
14.3500   36
14.4000   22
14.4500   15
14.5000   22
14.5500   17
14.6000   13
14.6500   24
14.7000   22
14.7500   19
14.8000   15
14.8500   11
14.9000   8
14.9500   12
15.0000   12
15.0500   13
15.1000   18
15.1500   15
15.2000   11
15.2500   8
15.3000   18
15.3500   12
15.4000   13
15.4500   18
15.5000   13
15.5500   11
15.6000   18
15.6500   14
15.7000   21
15.7500   12
15.8000   15
15.8500   13
15.9000   18
15.9500   19
16.0000   22
16.0500   12
16.1000   19
16.1500   17
16.2000   9
16.2500   7
16.3000   21
16.3500   13
16.4000   17
16.4500   16
16.5000   18
16.5500   11
16.6000   12
16.6500   13
16.7000   17
16.7500   13
16.8000   18
16.8500   12
16.9000   14
16.9500   14
17.0000   16
17.0500   15
17.1000   19
17.1500   18
17.2000   21
17.2500   17
17.3000   26
17.3500   15
17.4000   19
17.4500   24
17.5000   17
17.5500   24
17.6000   20
17.6500   16
17.7000   17
17.7500   16
17.8000   14
17.8500   25
17.9000   24
17.9500   25
18.0000   14
18.0500   19
18.1000   13
18.1500   18
18.2000   14
18.2500   15
18.3000   25
18.3500   23
18.4000   24
18.4500   22
18.5000   15
18.5500   31
18.6000   26
18.6500   21
18.7000   18
18.7500   22
18.8000   18
18.8500   18
18.9000   20
18.9500   25
19.0000   21
19.0500   25
19.1000   25
19.1500   22
19.2000   28
19.2500   34
19.3000   24
19.3500   22
19.4000   25
19.4500   40
19.5000   26
19.5500   32
19.6000   31
19.6500   39
19.7000   42
19.7500   60
19.8000   59
19.8500   76
19.9000   96
19.9500   109
20.0000   110
20.0500   98
20.1000   83
20.1500   49
20.2000   48
20.2500   33
20.3000   45
20.3500   33
20.4000   33
20.4500   31
20.5000   32
20.5500   37
20.6000   38
20.6500   25
20.7000   32
20.7500   33
20.8000   21
20.8500   26
20.9000   25
20.9500   42
21.0000   40
21.0500   42
21.1000   47
21.1500   30
21.2000   51
21.2500   37
21.3000   38
21.3500   35
21.4000   51
21.4500   40
21.5000   42
21.5500   38
21.6000   37
21.6500   29
21.7000   32
21.7500   42
21.8000   32
21.8500   42
21.9000   35
21.9500   40
22.0000   40
22.0500   34
22.1000   39
22.1500   42
22.2000   40
22.2500   37
22.3000   38
22.3500   52
22.4000   43
22.4500   35
22.5000   45
22.5500   40
22.6000   31
22.6500   34
22.7000   59
22.7500   34
22.8000   44
22.8500   34
22.9000   45
22.9500   37
23.0000   34
23.0500   46
23.1000   25
23.1500   52
23.2000   32
23.2500   36
23.3000   39
23.3500   46
23.4000   46
23.4500   55
23.5000   44
23.5500   51
23.6000   43
23.6500   51
23.7000   37
23.7500   46
23.8000   45
23.8500   44
23.9000   46
23.9500   34
24.0000   43
24.0500   41
24.1000   41
24.1500   52
24.2000   55
24.2500   60
24.3000   64
24.3500   70
24.4000   81
24.4500   95
24.5000   108
24.5500   87
24.6000   75
24.6500   84
24.7000   62
24.7500   54
24.8000   48
24.8500   45
24.9000   60
24.9500   45
25.0000   62
25.0500   47
25.1000   53
25.1500   52
25.2000   52
25.2500   50
25.3000   44
25.3500   50
25.4000   64
25.4500   61
25.5000   61
25.5500   43
25.6000   53
25.6500   65
25.7000   51
25.7500   43
25.8000   49
25.8500   49
25.9000   44
25.9500   44
26.0000   53
26.0500   48
26.1000   44
26.1500   51
26.2000   47
26.2500   52
26.3000   49
26.3500   51
26.4000   54
26.4500   52
26.5000   56
26.5500   44
26.6000   48
26.6500   44
26.7000   41
26.7500   47
26.8000   50
26.8500   42
26.9000   54
26.9500   33
27.0000   42
27.0500   48
27.1000   43
27.1500   43
27.2000   43
27.2500   47
27.3000   47
27.3500   57
27.4000   51
27.4500   60
27.5000   38
27.5500   50
27.6000   36
27.6500   55
27.7000   38
27.7500   52
27.8000   68
27.8500   56
27.9000   56
27.9500   60
28.0000   62
28.0500   79
28.1000   93
28.1500   101
28.2000   115
28.2500   144
28.3000   163
28.3500   181
28.4000   153
28.4500   128
28.5000   97
28.5500   78
28.6000   73
28.6500   64
28.7000   57
28.7500   47
28.8000   42
28.8500   45
28.9000   49
28.9500   52
29.0000   45
29.0500   44
29.1000   47
29.1500   47
29.2000   52
29.2500   50
29.3000   46
29.3500   53
29.4000   54
29.4500   55
29.5000   44
29.5500   51
29.6000   48
29.6500   54
29.7000   53
29.7500   47
29.8000   46
29.8500   56
29.9000   44
29.9500   63
30.0000   67
30.0500   77
30.1000   81
30.1500   89
30.2000   102
30.2500   78
30.3000   82
30.3500   78
30.4000   81
30.4500   74
30.5000   66
30.5500   73
30.6000   55
30.6500   63
30.7000   39
30.7500   47
30.8000   54
30.8500   46
30.9000   48
30.9500   56
31.0000   45
31.0500   36
31.1000   52
31.1500   47
31.2000   47
31.2500   47
31.3000   46
31.3500   49
31.4000   40
31.4500   71
31.5000   52
31.5500   97
31.6000   110
31.6500   135
31.7000   158
31.7500   174
31.8000   178
31.8500   181
31.9000   143
31.9500   121
32.0000   78
32.0500   68
32.1000   54
32.1500   49
32.2000   41
32.2500   37
32.3000   40
32.3500   42
32.4000   39
32.4500   28
32.5000   40
32.5500   34
32.6000   29
32.6500   33
32.7000   44
32.7500   28
32.8000   34
32.8500   41
32.9000   42
32.9500   33
33.0000   52
33.0500   37
33.1000   39
33.1500   41
33.2000   42
33.2500   52
33.3000   37
33.3500   39
33.4000   37
33.4500   33
33.5000   36
33.5500   35
33.6000   40
33.6500   37
33.7000   43
33.7500   44
33.8000   45
33.8500   40
33.9000   33
33.9500   32
34.0000   40
34.0500   38
34.1000   32
34.1500   34
34.2000   33
34.2500   27
34.3000   30
34.3500   41
34.4000   30
34.4500   39
34.5000   43
34.5500   38
34.6000   50
34.6500   54
34.7000   63
34.7500   91
34.8000   88
34.8500   119
34.9000   110
34.9500   86
35.0000   98
35.0500   102
35.1000   89
35.1500   80
35.2000   71
35.2500   58
35.3000   70
35.3500   63
35.4000   53
35.4500   35
35.5000   41
35.5500   39
35.6000   32
35.6500   40
35.7000   30
35.7500   42
35.8000   32
35.8500   25
35.9000   31
35.9500   34
36.0000   43
36.0500   28
36.1000   35
36.1500   38
36.2000   35
36.2500   21
36.3000   35
36.3500   39
36.4000   28
36.4500   30
36.5000   39
36.5500   29
36.6000   30
36.6500   36
36.7000   31
36.7500   27
36.8000   27
36.8500   32
36.9000   27
36.9500   34
37.0000   15
37.0500   35
37.1000   28
37.1500   40
37.2000   31
37.2500   25
37.3000   29
37.3500   38
37.4000   37
37.4500   20
37.5000   42
37.5500   23
37.6000   20
37.6500   40
37.7000   21
37.7500   29
37.8000   24
37.8500   31
37.9000   23
37.9500   31
38.0000   24
38.0500   25
38.1000   28
38.1500   31
38.2000   38
38.2500   26
38.3000   27
38.3500   37
38.4000   25
38.4500   25
38.5000   31
38.5500   28
38.6000   32
38.6500   28
38.7000   32
38.7500   28
38.8000   36
38.8500   24
38.9000   41
38.9500   31
39.0000   26
39.0500   26
39.1000   22
39.1500   27
39.2000   20
39.2500   20
39.3000   24
39.3500   31
39.4000   36
39.4500   24
39.5000   24
39.5500   32
39.6000   26
39.6500   28
39.7000   39
39.7500   28
39.8000   25
39.8500   41
39.9000   35
39.9500   29
40.0000   26
40.0500   38
40.1000   34
40.1500   53
40.2000   45
40.2500   65
40.3000   87
40.3500   131
40.4000   164
40.4500   199
40.5000   214
40.5500   225
40.6000   146
40.6500   141
40.7000   106
40.7500   63
40.8000   51
40.8500   33
40.9000   46
40.9500   47
41.0000   32
41.0500   33
41.1000   40
41.1500   30
41.2000   31
41.2500   42
41.3000   32
41.3500   30
41.4000   26
41.4500   40
41.5000   47
41.5500   42
41.6000   34
41.6500   27
41.7000   37
41.7500   40
41.8000   25
41.8500   29
41.9000   26
41.9500   20
42.0000   32
42.0500   24
42.1000   25
42.1500   31
42.2000   28
42.2500   33
42.3000   44
42.3500   26
42.4000   23
42.4500   37
42.5000   29
42.5500   41
42.6000   26
42.6500   23
42.7000   37
42.7500   35
42.8000   50
42.8500   48
42.9000   58
42.9500   81
43.0000   68
43.0500   78
43.1000   80
43.1500   73
43.2000   60
43.2500   77
43.3000   38
43.3500   50
43.4000   46
43.4500   38
43.5000   37
43.5500   26
43.6000   35
43.6500   39
43.7000   38
43.7500   32
43.8000   32
43.8500   36
43.9000   37
43.9500   31
44.0000   23
44.0500   35
44.1000   24
44.1500   27
44.2000   26
44.2500   30
44.3000   30
44.3500   29
44.4000   31
44.4500   27
44.5000   28
44.5500   30
44.6000   23
44.6500   31
44.7000   26
44.7500   20
44.8000   26
44.8500   27
44.9000   25
44.9500   31
45.0000   35
45.0500   36
45.1000   36
45.1500   24
45.2000   34
45.2500   33
45.3000   22
45.3500   31
45.4000   35
45.4500   27
45.5000   32
45.5500   31
45.6000   24
45.6500   33
45.7000   26
45.7500   23
45.8000   24
45.8500   24
45.9000   25
45.9500   27
46.0000   25
46.0500   28
46.1000   27
46.1500   22
46.2000   26
46.2500   35
46.3000   23
46.3500   22
46.4000   24
46.4500   26
46.5000   27
46.5500   21
46.6000   24
46.6500   26
46.7000   30
46.7500   33
46.8000   27
46.8500   23
46.9000   18
46.9500   27
47.0000   23
47.0500   37
47.1000   22
47.1500   26
47.2000   27
47.2500   20
47.3000   26
47.3500   19
47.4000   25
47.4500   26
47.5000   28
47.5500   31
47.6000   32
47.6500   23
47.7000   23
47.7500   33
47.8000   29
47.8500   28
47.9000   28
47.9500   27
48.0000   30
48.0500   29
48.1000   31
48.1500   27
48.2000   26
48.2500   24
48.3000   21
48.3500   21
48.4000   18
48.4500   21
48.5000   33
48.5500   22
48.6000   19
48.6500   20
48.7000   33
48.7500   25
48.8000   29
48.8500   32
48.9000   23
48.9500   36
49.0000   23
49.0500   29
49.1000   25
49.1500   23
49.2000   32
49.2500   19
49.3000   19
49.3500   28
49.4000   22
49.4500   27
49.5000   16
49.5500   22
49.6000   27
49.6500   25
49.7000   24
49.7500   30
49.8000   33
49.8500   29
49.9000   31
49.9500   37
50.0000   35
