
5.0000    40
5.0500    20
5.1000    32
5.1500    32
5.2000    45
5.2500    41
5.3000    36
5.3500    33
5.4000    48
5.4500    36
5.5000    37
5.5500    40
5.6000    41
5.6500    37
5.7000    30
5.7500    38
5.8000    29
5.8500    33
5.9000    33
5.9500    25
6.0000    38
6.0500    35
6.1000    30
6.1500    37
6.2000    28
6.2500    30
6.3000    32
6.3500    22
6.4000    31
6.4500    26
6.5000    28
6.5500    24
6.6000    36
6.6500    19
6.7000    30
6.7500    20
6.8000    23
6.8500    30
6.9000    26
6.9500    27
7.0000    28
7.0500    22
7.1000    21
7.1500    22
7.2000    21
7.2500    30
7.3000    22
7.3500    25
7.4000    29
7.4500    21
7.5000    23
7.5500    14
7.6000    22
7.6500    29
7.7000    28
7.7500    23
7.8000    21
7.8500    21
7.9000    24
7.9500    22
8.0000    16
8.0500    19
8.1000    19
8.1500    23
8.2000    23
8.2500    28
8.3000    26
8.3500    19
8.4000    21
8.4500    11
8.5000    16
8.5500    24
8.6000    18
8.6500    18
8.7000    17
8.7500    12
8.8000    19
8.8500    29
8.9000    13
8.9500    19
9.0000    16
9.0500    18
9.1000    17
9.1500    16
9.2000    19
9.2500    15
9.3000    14
9.3500    14
9.4000    22
9.4500    24
9.5000    18
9.5500    17
9.6000    20
9.6500    18
9.7000    14
9.7500    22
9.8000    18
9.8500    20
9.9000    19
9.9500    18
10.0000   15
10.0500   20
10.1000   17
10.1500   10
10.2000   20
10.2500   11
10.3000   16
10.3500   20
10.4000   17
10.4500   20
10.5000   16
10.5500   15
10.6000   17
10.6500   16
10.7000   15
10.7500   25
10.8000   13
10.8500   8
10.9000   16
10.9500   15
11.0000   16
11.0500   15
11.1000   16
11.1500   18
11.2000   13
11.2500   22
11.3000   11
11.3500   17
11.4000   14
11.4500   17
11.5000   22
11.5500   16
11.6000   19
11.6500   15
11.7000   19
11.7500   21
11.8000   16
11.8500   19
11.9000   13
11.9500   14
12.0000   17
12.0500   18
12.1000   21
12.1500   25
12.2000   17
12.2500   14
12.3000   17
12.3500   13
12.4000   14
12.4500   29
12.5000   27
12.5500   23
12.6000   29
12.6500   44
12.7000   48
12.7500   69
12.8000   64
12.8500   38
12.9000   35
12.9500   28
13.0000   18
13.0500   15
13.1000   14
13.1500   21
13.2000   17
13.2500   23
13.3000   10
13.3500   20
13.4000   12
13.4500   13
13.5000   15
13.5500   26
13.6000   17
13.6500   15
13.7000   17
13.7500   24
13.8000   41
13.8500   37
13.9000   44
13.9500   75
14.0000   104
14.0500   169
14.1000   235
14.1500   194
14.2000   86
14.2500   40
14.3000   28
14.3500   31
14.4000   16
14.4500   20
14.5000   14
14.5500   14
14.6000   22
14.6500   18
14.7000   17
14.7500   16
14.8000   13
14.8500   20
14.9000   10
14.9500   17
15.0000   13
15.0500   10
15.1000   9
15.1500   14
15.2000   11
15.2500   20
15.3000   15
15.3500   11
15.4000   16
15.4500   20
15.5000   21
15.5500   21
15.6000   14
15.6500   16
15.7000   15
15.7500   16
15.8000   13
15.8500   14
15.9000   11
15.9500   15
16.0000   19
16.0500   17
16.1000   5
16.1500   9
16.2000   12
16.2500   20
16.3000   16
16.3500   22
16.4000   17
16.4500   17
16.5000   22
16.5500   18
16.6000   18
16.6500   14
16.7000   21
16.7500   12
16.8000   20
16.8500   23
16.9000   18
16.9500   16
17.0000   12
17.0500   29
17.1000   16
17.1500   20
17.2000   11
17.2500   19
17.3000   19
17.3500   15
17.4000   20
17.4500   12
17.5000   22
17.5500   21
17.6000   23
17.6500   14
17.7000   13
17.7500   22
17.8000   20
17.8500   16
17.9000   19
17.9500   19
18.0000   18
18.0500   24
18.1000   17
18.1500   17
18.2000   19
18.2500   18
18.3000   25
18.3500   23
18.4000   25
18.4500   30
18.5000   18
18.5500   26
18.6000   27
18.6500   28
18.7000   18
18.7500   27
18.8000   24
18.8500   25
18.9000   19
18.9500   27
19.0000   17
19.0500   20
19.1000   20
19.1500   26
19.2000   29
19.2500   16
19.3000   33
19.3500   29
19.4000   29
19.4500   30
19.5000   24
19.5500   31
19.6000   31
19.6500   25
19.7000   32
19.7500   41
19.8000   45
19.8500   59
19.9000   91
19.9500   147
20.0000   194
20.0500   146
20.1000   64
20.1500   45
20.2000   41
20.2500   32
20.3000   40
20.3500   26
20.4000   39
20.4500   32
20.5000   36
20.5500   36
20.6000   30
20.6500   30
20.7000   37
20.7500   30
20.8000   39
20.8500   27
20.9000   38
20.9500   28
21.0000   30
21.0500   45
21.1000   39
21.1500   29
21.2000   36
21.2500   42
21.3000   51
21.3500   51
21.4000   46
21.4500   44
21.5000   37
21.5500   48
21.6000   40
21.6500   28
21.7000   45
21.7500   30
21.8000   40
21.8500   42
21.9000   35
21.9500   39
22.0000   33
22.0500   35
22.1000   36
22.1500   42
22.2000   29
22.2500   30
22.3000   46
22.3500   47
22.4000   37
22.4500   43
22.5000   36
22.5500   48
22.6000   56
22.6500   35
22.7000   38
22.7500   41
22.8000   38
22.8500   48
22.9000   24
22.9500   44
23.0000   42
23.0500   45
23.1000   53
23.1500   66
23.2000   52
23.2500   42
23.3000   43
23.3500   68
23.4000   55
23.4500   41
23.5000   52
23.5500   33
23.6000   38
23.6500   50
23.7000   41
23.7500   48
23.8000   40
23.8500   46
23.9000   48
23.9500   40
24.0000   37
24.0500   45
24.1000   45
24.1500   52
24.2000   42
24.2500   52
24.3000   63
24.3500   60
24.4000   77
24.4500   107
24.5000   128
24.5500   109
24.6000   84
24.6500   55
24.7000   50
24.7500   54
24.8000   47
24.8500   47
24.9000   60
24.9500   47
25.0000   55
25.0500   59
25.1000   44
25.1500   49
25.2000   36
25.2500   48
25.3000   48
25.3500   40
25.4000   60
25.4500   45
25.5000   45
25.5500   43
25.6000   50
25.6500   48
25.7000   58
25.7500   49
25.8000   43
25.8500   46
25.9000   42
25.9500   46
26.0000   42
26.0500   48
26.1000   56
26.1500   52
26.2000   61
26.2500   44
26.3000   52
26.3500   65
26.4000   52
26.4500   42
26.5000   42
26.5500   53
26.6000   53
26.6500   57
26.7000   41
26.7500   53
26.8000   52
26.8500   36
26.9000   41
26.9500   53
27.0000   41
27.0500   56
27.1000   55
27.1500   69
27.2000   44
27.2500   47
27.3000   64
27.3500   47
27.4000   48
27.4500   63
27.5000   46
27.5500   50
27.6000   49
27.6500   51
27.7000   40
27.7500   38
27.8000   41
27.8500   60
27.9000   42
27.9500   47
28.0000   41
28.0500   60
28.1000   78
28.1500   95
28.2000   112
28.2500   154
28.3000   207
28.3500   212
28.4000   177
28.4500   96
28.5000   79
28.5500   65
28.6000   60
28.6500   91
28.7000   67
28.7500   53
28.8000   59
28.8500   54
28.9000   49
28.9500   45
29.0000   54
29.0500   34
29.1000   52
29.1500   53
29.2000   57
29.2500   38
29.3000   44
29.3500   44
29.4000   43
29.4500   52
29.5000   41
29.5500   52
29.6000   44
29.6500   65
29.7000   46
29.7500   56
29.8000   44
29.8500   52
29.9000   51
29.9500   44
30.0000   56
30.0500   72
30.1000   64
30.1500   83
30.2000   84
30.2500   83
30.3000   102
30.3500   81
30.4000   92
30.4500   71
30.5000   73
30.5500   63
30.6000   52
30.6500   49
30.7000   46
30.7500   50
30.8000   50
30.8500   52
30.9000   53
30.9500   46
31.0000   42
31.0500   57
31.1000   48
31.1500   48
31.2000   40
31.2500   49
31.3000   57
31.3500   47
31.4000   50
31.4500   39
31.5000   56
31.5500   67
31.6000   82
31.6500   111
31.7000   138
31.7500   235
31.8000   266
31.8500   243
31.9000   165
31.9500   97
32.0000   51
32.0500   58
32.1000   35
32.1500   43
32.2000   50
32.2500   38
32.3000   33
32.3500   36
32.4000   51
32.4500   44
32.5000   32
32.5500   43
32.6000   56
32.6500   33
32.7000   30
32.7500   35
32.8000   41
32.8500   44
32.9000   30
32.9500   51
33.0000   44
33.0500   44
33.1000   37
33.1500   27
33.2000   42
33.2500   34
33.3000   44
33.3500   28
33.4000   38
33.4500   48
33.5000   38
33.5500   32
33.6000   39
33.6500   36
33.7000   36
33.7500   31
33.8000   30
33.8500   39
33.9000   25
33.9500   29
34.0000   41
34.0500   50
34.1000   33
34.1500   38
34.2000   19
34.2500   33
34.3000   37
34.3500   27
34.4000   33
34.4500   44
34.5000   34
34.5500   36
34.6000   49
34.6500   43
34.7000   42
34.7500   47
34.8000   74
34.8500   116
34.9000   130
34.9500   133
35.0000   85
35.0500   70
35.1000   66
35.1500   64
35.2000   69
35.2500   87
35.3000   68
35.3500   73
35.4000   63
35.4500   38
35.5000   44
35.5500   39
35.6000   35
35.6500   46
35.7000   39
35.7500   38
35.8000   37
35.8500   33
35.9000   26
35.9500   24
36.0000   28
36.0500   32
36.1000   23
36.1500   23
36.2000   35
36.2500   37
36.3000   32
36.3500   27
36.4000   28
36.4500   18
36.5000   37
36.5500   34
36.6000   25
36.6500   30
36.7000   29
36.7500   34
36.8000   28
36.8500   31
36.9000   27
36.9500   35
37.0000   25
37.0500   36
37.1000   35
37.1500   29
37.2000   27
37.2500   32
37.3000   26
37.3500   38
37.4000   30
37.4500   36
37.5000   38
37.5500   31
37.6000   31
37.6500   33
37.7000   39
37.7500   39
37.8000   31
37.8500   28
37.9000   20
37.9500   36
38.0000   25
38.0500   33
38.1000   22
38.1500   22
38.2000   34
38.2500   27
38.3000   24
38.3500   21
38.4000   25
38.4500   25
38.5000   24
38.5500   30
38.6000   33
38.6500   36
38.7000   45
38.7500   30
38.8000   32
38.8500   30
38.9000   30
38.9500   42
39.0000   31
39.0500   24
39.1000   40
39.1500   31
39.2000   24
39.2500   22
39.3000   27
39.3500   25
39.4000   44
39.4500   27
39.5000   32
39.5500   40
39.6000   33
39.6500   27
39.7000   25
39.7500   31
39.8000   33
39.8500   24
39.9000   30
39.9500   28
40.0000   28
40.0500   37
40.1000   22
40.1500   50
40.2000   31
40.2500   53
40.3000   67
40.3500   99
40.4000   152
40.4500   255
40.5000   342
40.5500   332
40.6000   228
40.6500   148
40.7000   88
40.7500   52
40.8000   35
40.8500   40
40.9000   34
40.9500   45
41.0000   25
41.0500   33
41.1000   38
41.1500   39
41.2000   29
41.2500   22
41.3000   35
41.3500   32
41.4000   29
41.4500   36
41.5000   33
41.5500   38
41.6000   31
41.6500   26
41.7000   33
41.7500   42
41.8000   29
41.8500   20
41.9000   31
41.9500   44
42.0000   32
42.0500   39
42.1000   22
42.1500   20
42.2000   30
42.2500   21
42.3000   35
42.3500   33
42.4000   30
42.4500   27
42.5000   37
42.5500   36
42.6000   30
42.6500   23
42.7000   27
42.7500   33
42.8000   25
42.8500   36
42.9000   36
42.9500   53
43.0000   83
43.0500   139
43.1000   120
43.1500   100
43.2000   77
43.2500   66
43.3000   34
43.3500   39
43.4000   31
43.4500   28
43.5000   24
43.5500   32
43.6000   29
43.6500   24
43.7000   23
43.7500   17
43.8000   29
43.8500   34
43.9000   31
43.9500   29
44.0000   19
44.0500   29
44.1000   27
44.1500   26
44.2000   36
44.2500   27
44.3000   29
44.3500   23
44.4000   27
44.4500   26
44.5000   17
44.5500   25
44.6000   28
44.6500   30
44.7000   27
44.7500   26
44.8000   29
44.8500   27
44.9000   28
44.9500   20
45.0000   38
45.0500   49
45.1000   26
45.1500   32
45.2000   28
45.2500   21
45.3000   31
45.3500   32
45.4000   39
45.4500   27
45.5000   32
45.5500   30
45.6000   42
45.6500   25
45.7000   29
45.7500   29
45.8000   26
45.8500   29
45.9000   27
45.9500   22
46.0000   29
46.0500   19
46.1000   26
46.1500   21
46.2000   29
46.2500   24
46.3000   23
46.3500   22
46.4000   29
46.4500   23
46.5000   34
46.5500   28
46.6000   33
46.6500   22
46.7000   21
46.7500   28
46.8000   33
46.8500   32
46.9000   25
46.9500   27
47.0000   25
47.0500   28
47.1000   33
47.1500   25
47.2000   26
47.2500   26
47.3000   26
47.3500   26
47.4000   25
47.4500   20
47.5000   28
47.5500   32
47.6000   25
47.6500   31
47.7000   22
47.7500   27
47.8000   24
47.8500   32
47.9000   19
47.9500   31
48.0000   22
48.0500   27
48.1000   30
48.1500   24
48.2000   23
48.2500   30
48.3000   24
48.3500   13
48.4000   21
48.4500   23
48.5000   27
48.5500   20
48.6000   24
48.6500   22
48.7000   20
48.7500   20
48.8000   23
48.8500   24
48.9000   28
48.9500   25
49.0000   17
49.0500   31
49.1000   33
49.1500   27
49.2000   24
49.2500   31
49.3000   21
49.3500   35
49.4000   26
49.4500   22
49.5000   29
49.5500   31
49.6000   31
49.6500   24
49.7000   26
49.7500   26
49.8000   40
49.8500   23
49.9000   19
49.9500   23
50.0000   23
