
5.0000    31
5.0500    16
5.1000    29
5.1500    27
5.2000    31
5.2500    30
5.3000    31
5.3500    24
5.4000    31
5.4500    26
5.5000    23
5.5500    30
5.6000    17
5.6500    29
5.7000    23
5.7500    13
5.8000    21
5.8500    24
5.9000    15
5.9500    23
6.0000    17
6.0500    20
6.1000    17
6.1500    17
6.2000    22
6.2500    29
6.3000    20
6.3500    24
6.4000    24
6.4500    24
6.5000    17
6.5500    24
6.6000    16
6.6500    18
6.7000    18
6.7500    28
6.8000    18
6.8500    9
6.9000    18
6.9500    17
7.0000    16
7.0500    23
7.1000    13
7.1500    10
7.2000    18
7.2500    20
7.3000    20
7.3500    13
7.4000    14
7.4500    19
7.5000    11
7.5500    12
7.6000    12
7.6500    24
7.7000    14
7.7500    10
7.8000    14
7.8500    12
7.9000    17
7.9500    13
8.0000    16
8.0500    12
8.1000    13
8.1500    14
8.2000    14
8.2500    11
8.3000    23
8.3500    10
8.4000    21
8.4500    12
8.5000    18
8.5500    13
8.6000    13
8.6500    11
8.7000    12
8.7500    8
8.8000    11
8.8500    14
8.9000    12
8.9500    19
9.0000    9
9.0500    11
9.1000    11
9.1500    11
9.2000    13
9.2500    12
9.3000    18
9.3500    10
9.4000    15
9.4500    13
9.5000    13
9.5500    14
9.6000    20
9.6500    5
9.7000    10
9.7500    12
9.8000    9
9.8500    13
9.9000    6
9.9500    9
10.0000   10
10.0500   14
10.1000   16
10.1500   10
10.2000   12
10.2500   10
10.3000   10
10.3500   12
10.4000   6
10.4500   16
10.5000   11
10.5500   4
10.6000   12
10.6500   11
10.7000   12
10.7500   14
10.8000   18
10.8500   14
10.9000   7
10.9500   9
11.0000   4
11.0500   14
11.1000   4
11.1500   7
11.2000   12
11.2500   9
11.3000   7
11.3500   9
11.4000   6
11.4500   8
11.5000   10
11.5500   9
11.6000   6
11.6500   14
11.7000   8
11.7500   11
11.8000   12
11.8500   16
11.9000   10
11.9500   19
12.0000   22
12.0500   18
12.1000   13
12.1500   14
12.2000   10
12.2500   12
12.3000   19
12.3500   6
12.4000   11
12.4500   8
12.5000   16
12.5500   14
12.6000   14
12.6500   19
12.7000   19
12.7500   18
12.8000   11
12.8500   13
12.9000   12
12.9500   20
13.0000   21
13.0500   24
13.1000   14
13.1500   16
13.2000   18
13.2500   20
13.3000   14
13.3500   10
13.4000   13
13.4500   16
13.5000   20
13.5500   5
13.6000   10
13.6500   6
13.7000   12
13.7500   10
13.8000   9
13.8500   19
13.9000   14
13.9500   24
14.0000   21
14.0500   31
14.1000   46
14.1500   58
14.2000   70
14.2500   74
14.3000   83
14.3500   106
14.4000   94
14.4500   97
14.5000   112
14.5500   70
14.6000   57
14.6500   33
14.7000   23
14.7500   37
14.8000   17
14.8500   10
14.9000   13
14.9500   12
15.0000   9
15.0500   6
15.1000   7
15.1500   6
15.2000   9
15.2500   13
15.3000   9
15.3500   15
15.4000   11
15.4500   11
15.5000   8
15.5500   16
15.6000   9
15.6500   11
15.7000   15
15.7500   10
15.8000   12
15.8500   11
15.9000   10
15.9500   13
16.0000   13
16.0500   14
16.1000   14
16.1500   8
16.2000   10
16.2500   14
16.3000   9
16.3500   14
16.4000   14
16.4500   14
16.5000   12
16.5500   10
16.6000   4
16.6500   13
16.7000   15
16.7500   7
16.8000   11
16.8500   19
16.9000   14
16.9500   9
17.0000   15
17.0500   10
17.1000   8
17.1500   17
17.2000   16
17.2500   10
17.3000   20
17.3500   16
17.4000   14
17.4500   20
17.5000   9
17.5500   12
17.6000   6
17.6500   15
17.7000   16
17.7500   15
17.8000   16
17.8500   11
17.9000   18
17.9500   9
18.0000   22
18.0500   9
18.1000   13
18.1500   12
18.2000   10
18.2500   14
18.3000   10
18.3500   16
18.4000   15
18.4500   16
18.5000   10
18.5500   18
18.6000   20
18.6500   17
18.7000   13
18.7500   19
18.8000   15
18.8500   13
18.9000   14
18.9500   13
19.0000   9
19.0500   16
19.1000   19
19.1500   22
19.2000   18
19.2500   13
19.3000   22
19.3500   23
19.4000   17
19.4500   15
19.5000   21
19.5500   16
19.6000   29
19.6500   22
19.7000   14
19.7500   25
19.8000   24
19.8500   22
19.9000   18
19.9500   36
20.0000   36
20.0500   46
20.1000   52
20.1500   58
20.2000   52
20.2500   77
20.3000   78
20.3500   65
20.4000   60
20.4500   52
20.5000   44
20.5500   36
20.6000   30
20.6500   32
20.7000   29
20.7500   23
20.8000   41
20.8500   24
20.9000   20
20.9500   29
21.0000   33
21.0500   23
21.1000   35
21.1500   31
21.2000   17
21.2500   35
21.3000   24
21.3500   30
21.4000   29
21.4500   28
21.5000   29
21.5500   23
21.6000   41
21.6500   38
21.7000   34
21.7500   28
21.8000   47
21.8500   42
21.9000   31
21.9500   33
22.0000   31
22.0500   39
22.1000   31
22.1500   20
22.2000   28
22.2500   35
22.3000   44
22.3500   22
22.4000   22
22.4500   34
22.5000   39
22.5500   27
22.6000   32
22.6500   31
22.7000   22
22.7500   33
22.8000   34
22.8500   30
22.9000   39
22.9500   30
23.0000   33
23.0500   37
23.1000   38
23.1500   35
23.2000   25
23.2500   26
23.3000   44
23.3500   39
23.4000   32
23.4500   33
23.5000   41
23.5500   36
23.6000   38
23.6500   42
23.7000   41
23.7500   33
23.8000   31
23.8500   36
23.9000   37
23.9500   38
24.0000   37
24.0500   33
24.1000   34
24.1500   36
24.2000   29
24.2500   27
24.3000   30
24.3500   56
24.4000   35
24.4500   33
24.5000   42
24.5500   55
24.6000   48
24.6500   45
24.7000   62
24.7500   55
24.8000   63
24.8500   65
24.9000   66
24.9500   55
25.0000   43
25.0500   56
25.1000   38
25.1500   40
25.2000   35
25.2500   36
25.3000   30
25.3500   39
25.4000   44
25.4500   34
25.5000   35
25.5500   28
25.6000   47
25.6500   38
25.7000   44
25.7500   46
25.8000   38
25.8500   39
25.9000   33
25.9500   43
26.0000   35
26.0500   27
26.1000   49
26.1500   34
26.2000   41
26.2500   31
26.3000   32
26.3500   35
26.4000   37
26.4500   39
26.5000   42
26.5500   25
26.6000   42
26.6500   36
26.7000   41
26.7500   36
26.8000   35
26.8500   47
26.9000   39
26.9500   38
27.0000   33
27.0500   31
27.1000   39
27.1500   41
27.2000   35
27.2500   33
27.3000   43
27.3500   23
27.4000   42
27.4500   56
27.5000   27
27.5500   21
27.6000   31
27.6500   24
27.7000   53
27.7500   33
27.8000   37
27.8500   37
27.9000   34
27.9500   26
28.0000   33
28.0500   32
28.1000   31
28.1500   35
28.2000   30
28.2500   46
28.3000   53
28.3500   56
28.4000   62
28.4500   92
28.5000   112
28.5500   115
28.6000   140
28.6500   138
28.7000   128
28.7500   147
28.8000   126
28.8500   74
28.9000   63
28.9500   46
29.0000   44
29.0500   44
29.1000   34
29.1500   40
29.2000   33
29.2500   40
29.3000   37
29.3500   34
29.4000   35
29.4500   36
29.5000   36
29.5500   33
29.6000   34
29.6500   40
29.7000   28
29.7500   30
29.8000   32
29.8500   42
29.9000   34
29.9500   33
30.0000   38
30.0500   36
30.1000   37
30.1500   47
30.2000   47
30.2500   54
30.3000   61
30.3500   57
30.4000   52
30.4500   59
30.5000   64
30.5500   67
30.6000   64
30.6500   67
30.7000   72
30.7500   47
30.8000   56
30.8500   44
30.9000   60
30.9500   45
31.0000   44
31.0500   35
31.1000   39
31.1500   41
31.2000   49
31.2500   35
31.3000   27
31.3500   32
31.4000   39
31.4500   39
31.5000   25
31.5500   35
31.6000   27
31.6500   41
31.7000   40
31.7500   38
31.8000   46
31.8500   45
31.9000   65
31.9500   56
32.0000   93
32.0500   110
32.1000   90
32.1500   109
32.2000   78
32.2500   81
32.3000   56
32.3500   45
32.4000   35
32.4500   38
32.5000   29
32.5500   29
32.6000   34
32.6500   34
32.7000   43
32.7500   25
32.8000   26
32.8500   39
32.9000   27
32.9500   31
33.0000   37
33.0500   33
33.1000   33
33.1500   37
33.2000   37
33.2500   33
33.3000   24
33.3500   47
33.4000   23
33.4500   28
33.5000   34
33.5500   20
33.6000   31
33.6500   23
33.7000   19
33.7500   38
33.8000   34
33.8500   40
33.9000   29
33.9500   25
34.0000   25
34.0500   29
34.1000   30
34.1500   40
34.2000   33
34.2500   30
34.3000   24
34.3500   34
34.4000   31
34.4500   29
34.5000   31
34.5500   33
34.6000   24
34.6500   22
34.7000   33
34.7500   22
34.8000   36
34.8500   34
34.9000   37
34.9500   38
35.0000   43
35.0500   75
35.1000   65
35.1500   86
35.2000   100
35.2500   101
35.3000   116
35.3500   92
35.4000   84
35.4500   96
35.5000   61
35.5500   81
35.6000   66
35.6500   59
35.7000   43
35.7500   44
35.8000   27
35.8500   35
35.9000   27
35.9500   32
36.0000   18
36.0500   26
36.1000   27
36.1500   29
36.2000   34
36.2500   19
36.3000   28
36.3500   21
36.4000   21
36.4500   27
36.5000   25
36.5500   26
36.6000   28
36.6500   18
36.7000   30
36.7500   25
36.8000   26
36.8500   17
36.9000   21
36.9500   23
37.0000   24
37.0500   23
37.1000   24
37.1500   23
37.2000   24
37.2500   26
37.3000   24
37.3500   16
37.4000   24
37.4500   24
37.5000   13
37.5500   25
37.6000   24
37.6500   31
37.7000   26
37.7500   15
37.8000   28
37.8500   18
37.9000   28
37.9500   18
38.0000   31
38.0500   22
38.1000   19
38.1500   19
38.2000   19
38.2500   22
38.3000   20
38.3500   18
38.4000   16
38.4500   17
38.5000   20
38.5500   27
38.6000   26
38.6500   30
38.7000   20
38.7500   29
38.8000   32
38.8500   18
38.9000   23
38.9500   29
39.0000   30
39.0500   18
39.1000   26
39.1500   19
39.2000   23
39.2500   24
39.3000   20
39.3500   22
39.4000   24
39.4500   14
39.5000   26
39.5500   15
39.6000   27
39.6500   18
39.7000   19
39.7500   16
39.8000   30
39.8500   22
39.9000   33
39.9500   27
40.0000   27
40.0500   24
40.1000   22
40.1500   30
40.2000   24
40.2500   25
40.3000   28
40.3500   27
40.4000   28
40.4500   23
40.5000   36
40.5500   40
40.6000   70
40.6500   84
40.7000   105
40.7500   143
40.8000   149
40.8500   120
40.9000   159
40.9500   120
41.0000   88
41.0500   80
41.1000   52
41.1500   33
41.2000   37
41.2500   37
41.3000   30
41.3500   28
41.4000   25
41.4500   27
41.5000   27
41.5500   33
41.6000   19
41.6500   15
41.7000   23
41.7500   17
41.8000   25
41.8500   27
41.9000   16
41.9500   26
42.0000   20
42.0500   25
42.1000   22
42.1500   23
42.2000   25
42.2500   25
42.3000   23
42.3500   23
42.4000   27
42.4500   25
42.5000   26
42.5500   24
42.6000   28
42.6500   17
42.7000   19
42.7500   22
42.8000   19
42.8500   27
42.9000   38
42.9500   18
43.0000   27
43.0500   27
43.1000   25
43.1500   24
43.2000   39
43.2500   41
43.3000   48
43.3500   66
43.4000   74
43.4500   57
43.5000   48
43.5500   49
43.6000   43
43.6500   27
43.7000   41
43.7500   30
43.8000   23
43.8500   21
43.9000   28
43.9500   19
44.0000   20
44.0500   23
44.1000   25
44.1500   19
44.2000   34
44.2500   30
44.3000   19
44.3500   18
44.4000   22
44.4500   22
44.5000   23
44.5500   18
44.6000   23
44.6500   17
44.7000   20
44.7500   26
44.8000   15
44.8500   24
44.9000   19
44.9500   18
45.0000   32
45.0500   27
45.1000   21
45.1500   16
45.2000   20
45.2500   24
45.3000   18
45.3500   29
45.4000   21
45.4500   21
45.5000   26
45.5500   18
45.6000   24
45.6500   17
45.7000   27
45.7500   16
45.8000   30
45.8500   24
45.9000   33
45.9500   22
46.0000   28
46.0500   13
46.1000   24
46.1500   20
46.2000   20
46.2500   19
46.3000   21
46.3500   30
46.4000   15
46.4500   23
46.5000   24
46.5500   21
46.6000   18
46.6500   12
46.7000   19
46.7500   16
46.8000   20
46.8500   36
46.9000   36
46.9500   20
47.0000   25
47.0500   20
47.1000   19
47.1500   24
47.2000   21
47.2500   29
47.3000   23
47.3500   20
47.4000   24
47.4500   16
47.5000   16
47.5500   19
47.6000   21
47.6500   17
47.7000   25
47.7500   21
47.8000   31
47.8500   20
47.9000   28
47.9500   22
48.0000   23
48.0500   31
48.1000   25
48.1500   33
48.2000   20
48.2500   18
48.3000   19
48.3500   22
48.4000   13
48.4500   23
48.5000   18
48.5500   19
48.6000   24
48.6500   24
48.7000   23
48.7500   19
48.8000   26
48.8500   14
48.9000   26
48.9500   24
49.0000   24
49.0500   22
49.1000   24
49.1500   18
49.2000   12
49.2500   14
49.3000   19
49.3500   18
49.4000   13
49.4500   31
49.5000   23
49.5500   18
49.6000   25
49.6500   14
49.7000   18
49.7500   17
49.8000   12
49.8500   20
49.9000   22
49.9500   18
50.0000   22
