
5.0000    39
5.0500    33
5.1000    34
5.1500    29
5.2000    34
5.2500    36
5.3000    37
5.3500    33
5.4000    35
5.4500    27
5.5000    30
5.5500    24
5.6000    27
5.6500    32
5.7000    32
5.7500    30
5.8000    36
5.8500    26
5.9000    28
5.9500    27
6.0000    23
6.0500    25
6.1000    18
6.1500    30
6.2000    20
6.2500    26
6.3000    16
6.3500    27
6.4000    21
6.4500    19
6.5000    24
6.5500    23
6.6000    27
6.6500    26
6.7000    29
6.7500    17
6.8000    16
6.8500    25
6.9000    24
6.9500    24
7.0000    26
7.0500    21
7.1000    19
7.1500    21
7.2000    28
7.2500    20
7.3000    25
7.3500    15
7.4000    21
7.4500    18
7.5000    19
7.5500    22
7.6000    24
7.6500    23
7.7000    21
7.7500    18
7.8000    13
7.8500    22
7.9000    17
7.9500    23
8.0000    19
8.0500    23
8.1000    23
8.1500    24
8.2000    11
8.2500    19
8.3000    16
8.3500    23
8.4000    20
8.4500    16
8.5000    20
8.5500    23
8.6000    18
8.6500    25
8.7000    20
8.7500    13
8.8000    18
8.8500    24
8.9000    20
8.9500    16
9.0000    10
9.0500    15
9.1000    16
9.1500    14
9.2000    14
9.2500    18
9.3000    13
9.3500    16
9.4000    10
9.4500    13
9.5000    16
9.5500    20
9.6000    15
9.6500    23
9.7000    10
9.7500    13
9.8000    16
9.8500    17
9.9000    18
9.9500    9
10.0000   12
10.0500   12
10.1000   13
10.1500   15
10.2000   15
10.2500   24
10.3000   15
10.3500   16
10.4000   16
10.4500   14
10.5000   12
10.5500   15
10.6000   18
10.6500   12
10.7000   12
10.7500   11
10.8000   14
10.8500   14
10.9000   12
10.9500   13
11.0000   23
11.0500   8
11.1000   10
11.1500   15
11.2000   10
11.2500   11
11.3000   13
11.3500   11
11.4000   13
11.4500   14
11.5000   18
11.5500   18
11.6000   14
11.6500   13
11.7000   12
11.7500   16
11.8000   15
11.8500   11
11.9000   13
11.9500   24
12.0000   16
12.0500   16
12.1000   22
12.1500   18
12.2000   12
12.2500   16
12.3000   10
12.3500   14
12.4000   16
12.4500   22
12.5000   16
12.5500   19
12.6000   22
12.6500   31
12.7000   28
12.7500   41
12.8000   43
12.8500   39
12.9000   38
12.9500   25
13.0000   30
13.0500   26
13.1000   14
13.1500   30
13.2000   11
13.2500   15
13.3000   21
13.3500   12
13.4000   14
13.4500   21
13.5000   13
13.5500   13
13.6000   18
13.6500   15
13.7000   13
13.7500   25
13.8000   23
13.8500   37
13.9000   41
13.9500   44
14.0000   79
14.0500   107
14.1000   127
14.1500   113
14.2000   113
14.2500   119
14.3000   92
14.3500   61
14.4000   42
14.4500   19
14.5000   16
14.5500   18
14.6000   14
14.6500   13
14.7000   19
14.7500   11
14.8000   11
14.8500   14
14.9000   7
14.9500   11
15.0000   14
15.0500   17
15.1000   19
15.1500   21
15.2000   17
15.2500   22
15.3000   13
15.3500   19
15.4000   12
15.4500   5
15.5000   16
15.5500   7
15.6000   7
15.6500   15
15.7000   17
15.7500   15
15.8000   10
15.8500   21
15.9000   13
15.9500   15
16.0000   9
16.0500   14
16.1000   14
16.1500   10
16.2000   16
16.2500   10
16.3000   17
16.3500   15
16.4000   9
16.4500   15
16.5000   14
16.5500   14
16.6000   20
16.6500   18
16.7000   17
16.7500   18
16.8000   19
16.8500   19
16.9000   14
16.9500   18
17.0000   10
17.0500   20
17.1000   20
17.1500   19
17.2000   20
17.2500   12
17.3000   17
17.3500   14
17.4000   16
17.4500   16
17.5000   15
17.5500   13
17.6000   20
17.6500   19
17.7000   16
17.7500   21
17.8000   21
17.8500   12
17.9000   13
17.9500   11
18.0000   16
18.0500   21
18.1000   24
18.1500   17
18.2000   11
18.2500   18
18.3000   18
18.3500   24
18.4000   41
18.4500   24
18.5000   25
18.5500   26
18.6000   18
18.6500   14
18.7000   18
18.7500   26
18.8000   24
18.8500   23
18.9000   26
18.9500   26
19.0000   23
19.0500   24
19.1000   20
19.1500   18
19.2000   22
19.2500   17
19.3000   26
19.3500   23
19.4000   23
19.4500   28
19.5000   28
19.5500   18
19.6000   28
19.6500   26
19.7000   33
19.7500   36
19.8000   34
19.8500   50
19.9000   72
19.9500   64
20.0000   85
20.0500   125
20.1000   106
20.1500   103
20.2000   67
20.2500   51
20.3000   45
20.3500   33
20.4000   28
20.4500   24
20.5000   35
20.5500   27
20.6000   21
20.6500   30
20.7000   31
20.7500   33
20.8000   30
20.8500   27
20.9000   38
20.9500   27
21.0000   23
21.0500   34
21.1000   30
21.1500   39
21.2000   49
21.2500   34
21.3000   41
21.3500   42
21.4000   39
21.4500   40
21.5000   32
21.5500   49
21.6000   48
21.6500   41
21.7000   34
21.7500   43
21.8000   36
21.8500   33
21.9000   38
21.9500   26
22.0000   27
22.0500   32
22.1000   45
22.1500   33
22.2000   32
22.2500   29
22.3000   37
22.3500   31
22.4000   43
22.4500   40
22.5000   32
22.5500   41
22.6000   32
22.6500   43
22.7000   47
22.7500   41
22.8000   51
22.8500   45
22.9000   42
22.9500   35
23.0000   43
23.0500   49
23.1000   40
23.1500   36
23.2000   55
23.2500   35
23.3000   47
23.3500   42
23.4000   40
23.4500   48
23.5000   41
23.5500   42
23.6000   43
23.6500   40
23.7000   47
23.7500   47
23.8000   40
23.8500   45
23.9000   43
23.9500   49
24.0000   49
24.0500   50
24.1000   46
24.1500   37
24.2000   37
24.2500   55
24.3000   54
24.3500   52
24.4000   73
24.4500   77
24.5000   78
24.5500   95
24.6000   94
24.6500   100
24.7000   87
24.7500   75
24.8000   50
24.8500   53
24.9000   34
24.9500   49
25.0000   33
25.0500   59
25.1000   51
25.1500   38
25.2000   39
25.2500   36
25.3000   54
25.3500   37
25.4000   50
25.4500   40
25.5000   52
25.5500   42
25.6000   45
25.6500   52
25.7000   52
25.7500   49
25.8000   41
25.8500   57
25.9000   34
25.9500   57
26.0000   51
26.0500   47
26.1000   44
26.1500   47
26.2000   51
26.2500   60
26.3000   37
26.3500   40
26.4000   49
26.4500   43
26.5000   46
26.5500   41
26.6000   52
26.6500   49
26.7000   48
26.7500   49
26.8000   50
26.8500   46
26.9000   41
26.9500   56
27.0000   30
27.0500   48
27.1000   66
27.1500   45
27.2000   49
27.2500   41
27.3000   51
27.3500   47
27.4000   50
27.4500   54
27.5000   36
27.5500   46
27.6000   47
27.6500   42
27.7000   49
27.7500   50
27.8000   48
27.8500   47
27.9000   43
27.9500   40
28.0000   51
28.0500   52
28.1000   49
28.1500   62
28.2000   75
28.2500   100
28.3000   139
28.3500   139
28.4000   156
28.4500   172
28.5000   152
28.5500   126
28.6000   94
28.6500   57
28.7000   59
28.7500   61
28.8000   51
28.8500   54
28.9000   48
28.9500   27
29.0000   55
29.0500   43
29.1000   47
29.1500   42
29.2000   51
29.2500   44
29.3000   53
29.3500   39
29.4000   43
29.4500   50
29.5000   52
29.5500   52
29.6000   43
29.6500   47
29.7000   53
29.7500   53
29.8000   34
29.8500   51
29.9000   49
29.9500   50
30.0000   49
30.0500   69
30.1000   54
30.1500   64
30.2000   69
30.2500   72
30.3000   87
30.3500   94
30.4000   68
30.4500   90
30.5000   59
30.5500   64
30.6000   67
30.6500   59
30.7000   56
30.7500   51
30.8000   55
30.8500   59
30.9000   56
30.9500   59
31.0000   61
31.0500   37
31.1000   56
31.1500   45
31.2000   37
31.2500   37
31.3000   49
31.3500   49
31.4000   45
31.4500   42
31.5000   44
31.5500   44
31.6000   59
31.6500   63
31.7000   122
31.7500   106
31.8000   170
31.8500   181
31.9000   225
31.9500   209
32.0000   161
32.0500   97
32.1000   57
32.1500   46
32.2000   42
32.2500   39
32.3000   46
32.3500   39
32.4000   53
32.4500   51
32.5000   52
32.5500   45
32.6000   36
32.6500   38
32.7000   34
32.7500   48
32.8000   33
32.8500   33
32.9000   37
32.9500   55
33.0000   35
33.0500   41
33.1000   33
33.1500   31
33.2000   49
33.2500   24
33.3000   33
33.3500   33
33.4000   39
33.4500   43
33.5000   42
33.5500   36
33.6000   44
33.6500   41
33.7000   34
33.7500   34
33.8000   28
33.8500   32
33.9000   29
33.9500   26
34.0000   41
34.0500   37
34.1000   25
34.1500   33
34.2000   36
34.2500   45
34.3000   37
34.3500   32
34.4000   40
34.4500   36
34.5000   38
34.5500   27
34.6000   30
34.6500   40
34.7000   36
34.7500   39
34.8000   57
34.8500   78
34.9000   95
34.9500   101
35.0000   82
35.0500   120
35.1000   120
35.1500   70
35.2000   71
35.2500   69
35.3000   71
35.3500   55
35.4000   49
35.4500   69
35.5000   44
35.5500   45
35.6000   40
35.6500   36
35.7000   17
35.7500   41
35.8000   32
35.8500   37
35.9000   34
35.9500   27
36.0000   36
36.0500   25
36.1000   32
36.1500   34
36.2000   39
36.2500   31
36.3000   29
36.3500   29
36.4000   22
36.4500   30
36.5000   37
36.5500   30
36.6000   27
36.6500   19
36.7000   32
36.7500   24
36.8000   37
36.8500   25
36.9000   26
36.9500   40
37.0000   34
37.0500   35
37.1000   35
37.1500   23
37.2000   40
37.2500   33
37.3000   22
37.3500   23
37.4000   35
37.4500   32
37.5000   28
37.5500   29
37.6000   27
37.6500   32
37.7000   32
37.7500   29
37.8000   29
37.8500   37
37.9000   22
37.9500   32
38.0000   28
38.0500   30
38.1000   25
38.1500   16
38.2000   29
38.2500   31
38.3000   25
38.3500   27
38.4000   31
38.4500   32
38.5000   33
38.5500   22
38.6000   23
38.6500   26
38.7000   25
38.7500   28
38.8000   34
38.8500   28
38.9000   47
38.9500   24
39.0000   39
39.0500   21
39.1000   31
39.1500   26
39.2000   28
39.2500   33
39.3000   24
39.3500   35
39.4000   22
39.4500   24
39.5000   22
39.5500   30
39.6000   33
39.6500   39
39.7000   33
39.7500   27
39.8000   24
39.8500   27
39.9000   27
39.9500   35
40.0000   29
40.0500   26
40.1000   31
40.1500   39
40.2000   32
40.2500   31
40.3000   51
40.3500   55
40.4000   71
40.4500   106
40.5000   183
40.5500   245
40.6000   242
40.6500   244
40.7000   170
40.7500   151
40.8000   76
40.8500   58
40.9000   40
40.9500   40
41.0000   40
41.0500   27
41.1000   40
41.1500   32
41.2000   28
41.2500   32
41.3000   36
41.3500   28
41.4000   24
41.4500   38
41.5000   30
41.5500   24
41.6000   36
41.6500   28
41.7000   37
41.7500   32
41.8000   32
41.8500   35
41.9000   15
41.9500   23
42.0000   31
42.0500   29
42.1000   34
42.1500   26
42.2000   32
42.2500   29
42.3000   24
42.3500   31
42.4000   22
42.4500   37
42.5000   23
42.5500   31
42.6000   26
42.6500   28
42.7000   37
42.7500   35
42.8000   28
42.8500   30
42.9000   32
42.9500   51
43.0000   60
43.0500   69
43.1000   104
43.1500   95
43.2000   103
43.2500   91
43.3000   66
43.3500   67
43.4000   46
43.4500   23
43.5000   37
43.5500   36
43.6000   29
43.6500   37
43.7000   31
43.7500   38
43.8000   21
43.8500   24
43.9000   33
43.9500   22
44.0000   32
44.0500   29
44.1000   27
44.1500   22
44.2000   39
44.2500   32
44.3000   25
44.3500   31
44.4000   18
44.4500   18
44.5000   21
44.5500   27
44.6000   27
44.6500   33
44.7000   20
44.7500   33
44.8000   22
44.8500   23
44.9000   29
44.9500   23
45.0000   21
45.0500   22
45.1000   18
45.1500   21
45.2000   23
45.2500   29
45.3000   21
45.3500   40
45.4000   25
45.4500   34
45.5000   37
45.5500   28
45.6000   24
45.6500   48
45.7000   28
45.7500   31
45.8000   27
45.8500   32
45.9000   26
45.9500   19
46.0000   30
46.0500   18
46.1000   28
46.1500   21
46.2000   29
46.2500   29
46.3000   22
46.3500   20
46.4000   15
46.4500   24
46.5000   35
46.5500   31
46.6000   22
46.6500   33
46.7000   32
46.7500   31
46.8000   34
46.8500   35
46.9000   34
46.9500   20
47.0000   28
47.0500   26
47.1000   14
47.1500   26
47.2000   32
47.2500   24
47.3000   21
47.3500   35
47.4000   24
47.4500   19
47.5000   24
47.5500   24
47.6000   21
47.6500   28
47.7000   25
47.7500   25
47.8000   21
47.8500   25
47.9000   30
47.9500   30
48.0000   24
48.0500   19
48.1000   26
48.1500   25
48.2000   16
48.2500   27
48.3000   33
48.3500   32
48.4000   26
48.4500   27
48.5000   24
48.5500   20
48.6000   28
48.6500   20
48.7000   18
48.7500   22
48.8000   24
48.8500   25
48.9000   32
48.9500   28
49.0000   30
49.0500   27
49.1000   20
49.1500   26
49.2000   24
49.2500   29
49.3000   22
49.3500   21
49.4000   26
49.4500   22
49.5000   21
49.5500   29
49.6000   26
49.6500   17
49.7000   20
49.7500   23
49.8000   31
49.8500   25
49.9000   20
49.9500   20
50.0000   28
